3 0.295703 0.173588 0.007031 0.006645
3 0.302734 0.168189 0.005469 0.005814
3 0.308203 0.175664 0.005469 0.005814
3 0.325391 0.145349 0.005469 0.006645
3 0.331641 0.134136 0.005469 0.005814
3 0.313672 0.154070 0.003906 0.005814
3 0.340234 0.128322 0.003906 0.007475
3 0.348828 0.107558 0.003906 0.007475
3 0.362891 0.106728 0.007031 0.009136
3 0.370312 0.094684 0.004687 0.004983
3 0.384766 0.089701 0.005469 0.006645
3 0.407031 0.061877 0.007812 0.012458
3 0.222266 0.370847 0.007031 0.015781
3 0.212109 0.382475 0.007031 0.005814
3 0.199219 0.394103 0.006250 0.005814
3 0.189062 0.397425 0.006250 0.005814
3 0.185547 0.404070 0.007031 0.004153
3 0.158594 0.416944 0.004687 0.004983
3 0.152734 0.426080 0.008594 0.004983
3 0.142187 0.446013 0.007812 0.004983
3 0.119531 0.462625 0.004687 0.006645
3 0.077344 0.483389 0.006250 0.006645
3 0.060156 0.506229 0.004687 0.005814
3 0.028516 0.534884 0.010156 0.008306
3 0.015625 0.550249 0.009375 0.010797
3 0.197266 0.501661 0.005469 0.006645
3 0.176563 0.526993 0.010937 0.004153
3 0.164453 0.541944 0.003906 0.005814
3 0.155469 0.550249 0.006250 0.005814
3 0.146875 0.564369 0.006250 0.004153
3 0.178125 0.602990 0.007812 0.008306
3 0.301563 0.480066 0.007812 0.004983
3 0.291797 0.489203 0.005469 0.003322
3 0.289062 0.503322 0.007812 0.006645
3 0.275391 0.527409 0.007031 0.008306
3 0.267578 0.521179 0.003906 0.005814
3 0.264453 0.540698 0.005469 0.006645
3 0.227344 0.583472 0.057813 0.057309
3 0.167969 0.622093 0.007812 0.008306
3 0.159766 0.628322 0.007031 0.009136
3 0.148438 0.634551 0.006250 0.004983
3 0.137109 0.649917 0.008594 0.010797
3 0.127344 0.675249 0.004687 0.008306
3 0.115625 0.691860 0.007812 0.009967
3 0.139844 0.669020 0.007812 0.007475
3 0.089063 0.754568 0.090625 0.100498
